{"countries": ["Afghanistan", "Albania", "Algeria", "Andorra", "Angola", "Antigua_and_Barbuda", "Argentina", "Armenia", "Australia", "Austria", "Azerbaijan", "Bahamas", "Bahrain", "Bangladesh", "Barbados", "Belarus", "Belgium", "Belize", "Benin", "Bhutan", "Bolivia", "Bosnia_and_Herzegovina", "Botswana", "Brazil", "Brunei", "Bulgaria", "Burkina_Faso", "Burundi", "Cabo_Verde", "Cambodia", "Cameroon", "Canada", "Central_African_Republic", "Chad", "Chile", "China", "Colombia", "Comoros", "Congo", "Costa_Rica", "Croatia", "Cuba", "Cyprus", "Czech_Republic", "C\u00f4te_dIvoire", "Democratic_Republic_of_the_Congo", "Denmark", "Djibouti", "Dominica", "Dominican_Republic", "Ecuador", "Egypt", "El_Salvador", "Equatorial_Guinea", "Eritrea", "Estonia", "Eswatini", "Ethiopia", "Fiji", "Finland", "France", "Gabon", "Gambia", "Georgia", "Germany", "Ghana", "Greece", "Grenada", "Guatemala", "Guinea-Bissau", "Guinea", "Guyana", "Haiti", "Honduras", "Hungary", "Iceland", "India", "Indonesia", "Iran", "Iraq", "Ireland", "Israel", "Italy", "Jamaica", "Japan", "Jordan", "Kazakhstan", "Kenya", "Kiribati", "Kuwait", "Kyrgyzstan", "Laos", "Latvia", "Lebanon", "Lesotho", "Liberia", "Libya", "Liechtenstein", "Lithuania", "Luxembourg", "Madagascar", "Malawi", "Malaysia", "Maldives", "Mali", "Malta", "Marshall_Islands", "Mauritania", "Mauritius", "Mexico", "Micronesia", "Moldova", "Monaco", "Mongolia", "Montenegro", "Morocco", "Mozambique", "Myanmar", "Namibia", "Nauru", "Nepal", "Netherlands", "New_Zealand", "Nicaragua", "Niger", "Nigeria", "North_Korea", "North_Macedonia", "Norway", "Oman", "Pakistan", "Palau", "Panama", "Papua_New_Guinea", "Paraguay", "Peru", "Philippines", "Poland", "Portugal", "Qatar", "Romania", "Russia", "Rwanda", "Saint_Kitts_and_Nevis", "Saint_Lucia", "Saint_Vincent_and_the_Grenadines", "Samoa", "San_Marino", "Sao_Tome_and_Principe", "Saudi_Arabia", "Senegal", "Serbia", "Seychelles", "Sierra_Leone", "Singapore", "Slovakia", "Slovenia", "Solomon_Islands", "Somalia", "South_Africa", "South_Korea", "South_Sudan", "Spain", "Sri_Lanka", "Sudan", "Suriname", "Sweden", "Switzerland", "Syria", "Tajikistan", "Tanzania", "Thailand", "Timor-Leste", "Togo", "Tonga", "Trinidad_and_Tobago", "Tunisia", "Turkey", "Turkmenistan", "Tuvalu", "Uganda", "Ukraine", "United_Arab_Emirates", "United_Kingdom", "United_States", "Uruguay", "Uzbekistan", "Vanuatu", "Vatican_City", "Venezuela", "Vietnam", "Yemen", "Zambia", "Zimbabwe"], "matrix": [[1.0, 0.322, 0.139, 0.127, 0.117, 0.184, 0.141, 0.233, 0.151, 0.327, 0.095, 0.125, 0.154, 0.2, 0.074, 0.094, 0.072, 0.118, 0.127, 0.104, 0.154, 0.362, 0.099, 0.213, 0.08, 0.227, 0.212, 0.18, 0.176, 0.384, 0.17, 0.183, 0.124, 0.106, 0.158, 0.185, 0.104, 0.194, 0.068, 0.068, 0.208, 0.055, 0.121, 0.064, 0.143, 0.248, 0.248, 0.079, 0.115, 0.07, 0.182, 0.179, 0.073, 0.187, 0.172, 0.1, 0.162, 0.248, 0.182, 0.092, 0.215, 0.133, 0.124, 0.162, 0.157, 0.081, 0.056, 0.063, 0.083, 0.144, 0.259, 0.234, 0.148, 0.154, 0.311, 0.245, 0.17, 0.176, 0.329, 0.083, 0.411, 0.135, 0.183, 0.063, 0.168, 0.058, 0.114, 0.241, 0.16, 0.135, 0.184, 0.08, 0.079, 0.244, 0.178, 0.063, 0.265, 0.187, 0.141, 0.09, 0.218, 0.168, 0.157, 0.114, 0.229, 0.081, 0.169, 0.081, 0.066, 0.245, 0.422, 0.381, 0.207, 0.216, 0.315, 0.088, 0.114, 0.233, 0.312, 0.216, 0.108, 0.331, 0.249, 0.191, 0.121, 0.256, 0.161, 0.131, 0.263, 0.18, 0.218, 0.285, 0.079, 0.064, 0.095, 0.124, 0.297, 0.131, 0.315, 0.113, 0.191, 0.249, 0.228, 0.097, 0.064, 0.142, 0.239, 0.146, 0.175, 0.116, 0.178, 0.185, 0.089, 0.158, 0.134, 0.197, 0.158, 0.046, 0.204, 0.439, 0.088, 0.154, 0.33, 0.304, 0.172, 0.171, 0.179, 0.294, 0.092, 0.085, 0.21, 0.04, 0.133, 0.14, 0.066, 0.177, 0.082, 0.164, 0.094, 0.136, 0.215, 0.261, 0.086, 0.261, 0.188, 0.078, 0.094, 0.091, 0.15, 0.068, 0.193, 0.24, 0.077, 0.434], [0.322, 1.0, 0.278, 0.236, 0.294, 0.291, 0.248, 0.437, 0.264, 0.346, 0.275, 0.323, 0.247, 0.321, 0.339, 0.245, 0.232, 0.216, 0.346, 0.335, 0.275, 0.371, 0.286, 0.235, 0.321, 0.449, 0.313, 0.267, 0.284, 0.426, 0.261, 0.326, 0.26, 0.254, 0.248, 0.288, 0.257, 0.196, 0.259, 0.247, 0.426, 0.25, 0.41, 0.35, 0.368, 0.279, 0.332, 0.198, 0.349, 0.32, 0.257, 0.282, 0.298, 0.265, 0.29, 0.395, 0.245, 0.236, 0.32, 0.358, 0.415, 0.268, 0.343, 0.391, 0.431, 0.274, 0.323, 0.278, 0.306, 0.265, 0.271, 0.261, 0.169, 0.305, 0.484, 0.404, 0.343, 0.226, 0.234, 0.292, 0.466, 0.389, 0.36, 0.261, 0.348, 0.267, 0.32, 0.311, 0.317, 0.304, 0.313, 0.276, 0.34, 0.315, 0.227, 0.276, 0.265, 0.385, 0.277, 0.287, 0.229, 0.292, 0.295, 0.279, 0.27, 0.365, 0.263, 0.241, 0.359, 0.197, 0.475, 0.469, 0.297, 0.213, 0.52, 0.251, 0.296, 0.314, 0.24, 0.288, 0.241, 0.342, 0.327, 0.243, 0.24, 0.25, 0.25, 0.511, 0.321, 0.222, 0.307, 0.262, 0.332, 0.23, 0.308, 0.271, 0.263, 0.386, 0.304, 0.263, 0.363, 0.266, 0.222, 0.236, 0.271, 0.235, 0.406, 0.343, 0.27, 0.298, 0.383, 0.36, 0.291, 0.352, 0.373, 0.366, 0.427, 0.274, 0.255, 0.392, 0.269, 0.287, 0.322, 0.325, 0.235, 0.295, 0.421, 0.312, 0.304, 0.248, 0.249, 0.223, 0.325, 0.355, 0.289, 0.37, 0.362, 0.374, 0.277, 0.256, 0.324, 0.344, 0.331, 0.254, 0.258, 0.33, 0.268, 0.315, 0.315, 0.236, 0.268, 0.26, 0.329, 0.377], [0.139, 0.278, 1.0, 0.14, 0.077, 0.041, 0.079, 0.199, 0.126, 0.387, 0.113, 0.087, 0.07, 0.09, 0.062, 0.054, 0.085, 0.06, 0.134, 0.179, 0.107, 0.304, 0.157, 0.192, 0.043, 0.141, 0.123, 0.093, 0.18, 0.348, 0.125, 0.189, 0.149, 0.022, 0.189, 0.149, 0.117, 0.107, 0.094, 0.103, 0.086, 0.062, 0.176, 0.083, 0.095, 0.219, 0.168, 0.073, 0.109, 0.094, 0.193, 0.249, 0.088, 0.081, 0.136, 0.049, 0.062, 0.135, 0.141, 0.168, 0.288, 0.139, 0.168, 0.152, 0.133, 0.175, 0.048, 0.074, 0.022, 0.019, 0.129, 0.217, 0.156, 0.173, 0.273, 0.204, 0.167, 0.149, 0.286, 0.177, 0.355, 0.093, 0.166, 0.086, 0.131, 0.101, 0.104, 0.204, 0.195, 0.043, 0.237, 0.051, 0.054, 0.238, 0.059, 0.026, 0.255, 0.103, 0.144, 0.076, 0.099, 0.142, 0.103, 0.203, 0.149, 0.057, 0.125, 0.177, 0.041, 0.179, 0.365, 0.402, 0.121, 0.239, 0.3, 0.162, 0.102, 0.151, 0.323, 0.211, 0.062, 0.295, 0.223, 0.197, 0.063, 0.213, 0.143, 0.112, 0.239, 0.096, 0.18, 0.171, 0.067, 0.096, 0.06, 0.176, 0.322, 0.145, 0.345, 0.064, 0.23, 0.222, 0.168, 0.059, 0.082, 0.098, 0.136, 0.064, 0.189, 0.112, 0.095, 0.142, 0.095, 0.142, 0.096, 0.216, 0.129, 0.075, 0.179, 0.408, 0.097, 0.169, 0.253, 0.353, 0.127, 0.16, 0.209, 0.256, 0.16, 0.0, 0.119, 0.07, 0.292, 0.038, 0.146, 0.077, 0.232, 0.203, 0.064, 0.117, 0.196, 0.308, 0.114, 0.236, 0.124, 0.188, 0.108, 0.113, 0.105, 0.075, 0.213, 0.097, 0.126, 0.391], [0.127, 0.236, 0.14, 1.0, 0.123, 0.093, 0.119, 0.135, 0.15, 0.275, 0.082, 0.073, 0.101, 0.102, 0.092, 0.062, 0.067, 0.081, 0.161, 0.078, 0.118, 0.244, 0.118, 0.128, 0.135, 0.199, 0.2, 0.089, 0.16, 0.259, 0.083, 0.138, 0.148, 0.111, 0.144, 0.154, 0.073, 0.132, 0.059, 0.069, 0.112, 0.067, 0.184, 0.044, 0.182, 0.093, 0.134, 0.111, 0.066, 0.11, 0.156, 0.044, 0.135, 0.056, 0.082, 0.115, 0.051, 0.157, 0.052, 0.115, 0.144, 0.079, 0.189, 0.176, 0.185, 0.156, 0.158, 0.109, 0.123, 0.144, 0.092, 0.184, 0.091, 0.18, 0.213, 0.132, 0.05, 0.115, 0.268, 0.021, 0.387, 0.175, 0.163, 0.07, 0.215, 0.049, 0.068, 0.086, 0.158, 0.139, 0.086, 0.105, 0.095, 0.095, 0.109, 0.087, 0.151, 0.21, 0.104, 0.18, 0.035, 0.14, 0.128, 0.173, 0.108, 0.161, 0.101, 0.138, 0.154, 0.157, 0.397, 0.226, 0.172, 0.105, 0.184, 0.08, 0.053, 0.133, 0.23, 0.141, 0.088, 0.31, 0.18, 0.08, 0.105, 0.217, 0.113, 0.098, 0.169, 0.076, 0.08, 0.115, 0.09, 0.116, 0.096, 0.112, 0.272, 0.087, 0.264, 0.136, 0.031, 0.221, 0.126, 0.117, 0.016, 0.061, 0.104, 0.168, 0.142, 0.173, 0.117, 0.178, 0.147, 0.068, 0.174, 0.168, 0.081, 0.076, 0.073, 0.369, 0.146, 0.206, 0.279, 0.216, 0.149, 0.079, 0.174, 0.293, 0.087, 0.044, 0.148, 0.098, 0.085, 0.059, 0.085, 0.147, 0.084, 0.263, 0.097, 0.118, 0.185, 0.097, 0.135, 0.221, 0.162, 0.182, 0.058, 0.129, 0.158, 0.154, 0.174, 0.099, 0.125, 0.309], [0.117, 0.294, 0.077, 0.123, 1.0, 0.047, 0.163, 0.274, 0.104, 0.257, 0.139, 0.038, 0.093, 0.215, 0.066, 0.07, 0.0, 0.175, 0.173, 0.098, 0.203, 0.292, 0.137, 0.243, 0.0, 0.322, 0.119, 0.066, 0.316, 0.33, 0.136, 0.13, 0.148, 0.0, 0.245, 0.176, 0.122, 0.2, 0.059, 0.179, 0.187, 0.147, 0.096, 0.003, 0.088, 0.198, 0.143, 0.0, 0.032, 0.099, 0.341, 0.107, 0.156, 0.004, 0.15, 0.064, 0.109, 0.144, 0.11, 0.0, 0.153, 0.247, 0.212, 0.077, 0.054, 0.123, 0.028, 0.022, 0.149, 0.034, 0.082, 0.316, 0.185, 0.28, 0.38, 0.159, 0.075, 0.277, 0.331, 0.0, 0.268, 0.086, 0.143, 0.051, 0.126, 0.0, 0.0, 0.259, 0.018, 0.026, 0.173, 0.155, 0.038, 0.18, 0.053, 0.054, 0.201, 0.024, 0.1, 0.0, 0.082, 0.252, 0.079, 0.153, 0.196, 0.034, 0.0, 0.106, 0.091, 0.209, 0.28, 0.293, 0.142, 0.222, 0.281, 0.0, 0.079, 0.22, 0.371, 0.017, 0.093, 0.289, 0.182, 0.243, 0.002, 0.331, 0.057, 0.022, 0.17, 0.127, 0.082, 0.188, 0.192, 0.054, 0.132, 0.194, 0.328, 0.074, 0.341, 0.108, 0.116, 0.239, 0.155, 0.07, 0.069, 0.023, 0.217, 0.027, 0.232, 0.107, 0.182, 0.273, 0.186, 0.107, 0.055, 0.233, 0.13, 0.035, 0.122, 0.375, 0.223, 0.06, 0.312, 0.277, 0.069, 0.101, 0.014, 0.279, 0.009, 0.0, 0.195, 0.134, 0.15, 0.133, 0.0, 0.171, 0.194, 0.258, 0.096, 0.0, 0.136, 0.177, 0.0, 0.189, 0.194, 0.124, 0.139, 0.021, 0.032, 0.148, 0.287, 0.031, 0.183, 0.446], [0.184, 0.291, 0.041, 0.093, 0.047, 1.0, 0.067, 0.193, 0.239, 0.313, 0.033, 0.319, 0.09, 0.06, 0.167, 0.002, 0.075, 0.218, 0.042, 0.121, 0.027, 0.278, 0.071, 0.113, 0.084, 0.162, 0.051, 0.121, 0.119, 0.372, 0.161, 0.269, 0.0, 0.02, 0.098, 0.095, 0.032, 0.052, 0.08, 0.06, 0.106, 0.0, 0.112, 0.079, 0.133, 0.189, 0.279, 0.0, 0.14, 0.092, 0.076, 0.19, 0.041, 0.162, 0.059, 0.084, 0.17, 0.145, 0.105, 0.07, 0.191, 0.103, 0.109, 0.142, 0.134, 0.126, 0.043, 0.278, 0.032, 0.019, 0.088, 0.179, 0.076, 0.061, 0.248, 0.187, 0.131, 0.1, 0.226, 0.0, 0.319, 0.131, 0.139, 0.271, 0.226, 0.201, 0.117, 0.216, 0.169, 0.196, 0.073, 0.011, 0.016, 0.206, 0.233, 0.082, 0.17, 0.196, 0.053, 0.132, 0.063, 0.117, 0.127, 0.011, 0.067, 0.117, 0.114, 0.006, 0.028, 0.147, 0.33, 0.293, 0.167, 0.09, 0.294, 0.11, 0.003, 0.162, 0.292, 0.209, 0.127, 0.395, 0.306, 0.106, 0.016, 0.297, 0.051, 0.07, 0.249, 0.115, 0.192, 0.249, 0.044, 0.129, 0.047, 0.015, 0.288, 0.154, 0.256, 0.099, 0.181, 0.151, 0.185, 0.208, 0.242, 0.294, 0.083, 0.149, 0.131, 0.084, 0.064, 0.103, 0.057, 0.148, 0.135, 0.137, 0.126, 0.166, 0.127, 0.401, 0.023, 0.094, 0.36, 0.258, 0.024, 0.057, 0.228, 0.257, 0.031, 0.0, 0.095, 0.149, 0.082, 0.151, 0.086, 0.29, 0.042, 0.16, 0.03, 0.207, 0.181, 0.104, 0.096, 0.303, 0.299, 0.053, 0.002, 0.063, 0.103, 0.034, 0.16, 0.111, 0.049, 0.36], [0.141, 0.248, 0.079, 0.119, 0.163, 0.067, 1.0, 0.203, 0.145, 0.335, 0.17, 0.107, 0.153, 0.103, 0.106, 0.09, 0.063, 0.108, 0.211, 0.115, 0.258, 0.29, 0.17, 0.376, 0.078, 0.271, 0.228, 0.138, 0.188, 0.296, 0.214, 0.114, 0.208, 0.113, 0.326, 0.133, 0.103, 0.205, 0.142, 0.087, 0.11, 0.062, 0.175, 0.026, 0.201, 0.169, 0.169, 0.124, 0.077, 0.216, 0.216, 0.041, 0.181, 0.101, 0.134, 0.094, 0.062, 0.204, 0.104, 0.105, 0.183, 0.204, 0.269, 0.158, 0.217, 0.119, 0.129, 0.091, 0.149, 0.078, 0.146, 0.233, 0.173, 0.283, 0.3, 0.143, 0.121, 0.176, 0.279, 0.035, 0.375, 0.222, 0.171, 0.069, 0.274, 0.037, 0.087, 0.248, 0.137, 0.119, 0.121, 0.142, 0.114, 0.158, 0.13, 0.108, 0.164, 0.171, 0.135, 0.192, 0.118, 0.213, 0.183, 0.184, 0.214, 0.156, 0.122, 0.143, 0.205, 0.308, 0.385, 0.251, 0.187, 0.208, 0.218, 0.061, 0.07, 0.218, 0.286, 0.197, 0.109, 0.3, 0.254, 0.174, 0.124, 0.346, 0.104, 0.113, 0.196, 0.13, 0.14, 0.202, 0.171, 0.162, 0.185, 0.201, 0.32, 0.049, 0.29, 0.145, 0.117, 0.236, 0.179, 0.143, 0.02, 0.064, 0.185, 0.21, 0.232, 0.211, 0.213, 0.199, 0.207, 0.15, 0.195, 0.201, 0.119, 0.13, 0.089, 0.407, 0.218, 0.202, 0.343, 0.234, 0.103, 0.132, 0.146, 0.34, 0.069, 0.056, 0.159, 0.098, 0.157, 0.113, 0.062, 0.111, 0.181, 0.295, 0.097, 0.09, 0.202, 0.119, 0.131, 0.205, 0.315, 0.211, 0.072, 0.082, 0.136, 0.152, 0.209, 0.112, 0.186, 0.396], [0.233, 0.437, 0.199, 0.135, 0.274, 0.193, 0.203, 1.0, 0.17, 0.385, 0.28, 0.246, 0.26, 0.229, 0.302, 0.255, 0.175, 0.193, 0.33, 0.244, 0.18, 0.353, 0.228, 0.224, 0.193, 0.409, 0.33, 0.141, 0.312, 0.41, 0.195, 0.241, 0.271, 0.134, 0.215, 0.177, 0.181, 0.134, 0.155, 0.241, 0.284, 0.192, 0.357, 0.241, 0.265, 0.192, 0.281, 0.167, 0.33, 0.186, 0.248, 0.191, 0.232, 0.132, 0.301, 0.273, 0.161, 0.176, 0.222, 0.307, 0.336, 0.26, 0.332, 0.294, 0.351, 0.185, 0.275, 0.123, 0.186, 0.197, 0.208, 0.271, 0.091, 0.287, 0.536, 0.308, 0.209, 0.254, 0.283, 0.19, 0.407, 0.33, 0.222, 0.124, 0.273, 0.15, 0.234, 0.183, 0.255, 0.199, 0.205, 0.253, 0.259, 0.193, 0.203, 0.179, 0.203, 0.244, 0.209, 0.227, 0.113, 0.316, 0.169, 0.193, 0.245, 0.265, 0.164, 0.246, 0.327, 0.106, 0.416, 0.399, 0.233, 0.142, 0.429, 0.144, 0.178, 0.198, 0.26, 0.196, 0.146, 0.345, 0.176, 0.25, 0.205, 0.286, 0.19, 0.386, 0.22, 0.14, 0.235, 0.178, 0.296, 0.18, 0.108, 0.22, 0.231, 0.315, 0.321, 0.237, 0.226, 0.223, 0.104, 0.258, 0.157, 0.17, 0.347, 0.238, 0.287, 0.254, 0.367, 0.369, 0.307, 0.236, 0.281, 0.398, 0.334, 0.185, 0.193, 0.387, 0.269, 0.205, 0.367, 0.2, 0.179, 0.275, 0.291, 0.294, 0.297, 0.202, 0.215, 0.25, 0.298, 0.319, 0.241, 0.242, 0.251, 0.371, 0.19, 0.137, 0.197, 0.239, 0.28, 0.183, 0.18, 0.242, 0.204, 0.202, 0.216, 0.26, 0.255, 0.146, 0.2, 0.37], [0.151, 0.264, 0.126, 0.15, 0.104, 0.239, 0.145, 0.17, 1.0, 0.39, 0.119, 0.264, 0.081, 0.128, 0.193, 0.097, 0.332, 0.138, 0.118, 0.109, 0.102, 0.293, 0.171, 0.21, 0.076, 0.184, 0.173, 0.175, 0.127, 0.34, 0.203, 0.428, 0.136, 0.126, 0.202, 0.175, 0.125, 0.098, 0.128, 0.044, 0.178, 0.073, 0.18, 0.139, 0.24, 0.252, 0.224, 0.086, 0.083, 0.133, 0.137, 0.184, 0.081, 0.153, 0.063, 0.145, 0.142, 0.179, 0.164, 0.244, 0.272, 0.178, 0.151, 0.246, 0.165, 0.159, 0.2, 0.232, 0.068, 0.104, 0.122, 0.189, 0.095, 0.128, 0.258, 0.196, 0.165, 0.169, 0.309, 0.049, 0.381, 0.232, 0.278, 0.288, 0.285, 0.214, 0.151, 0.246, 0.17, 0.085, 0.098, 0.087, 0.182, 0.181, 0.21, 0.151, 0.207, 0.215, 0.233, 0.22, 0.125, 0.11, 0.194, 0.158, 0.145, 0.193, 0.136, 0.153, 0.11, 0.253, 0.391, 0.336, 0.116, 0.173, 0.287, 0.218, 0.027, 0.194, 0.306, 0.232, 0.197, 0.368, 0.363, 0.095, 0.096, 0.275, 0.084, 0.146, 0.288, 0.066, 0.204, 0.167, 0.063, 0.189, 0.117, 0.103, 0.342, 0.227, 0.307, 0.113, 0.168, 0.277, 0.231, 0.163, 0.149, 0.127, 0.128, 0.207, 0.152, 0.143, 0.095, 0.17, 0.135, 0.166, 0.252, 0.215, 0.147, 0.178, 0.171, 0.406, 0.126, 0.153, 0.381, 0.308, 0.116, 0.102, 0.269, 0.324, 0.087, 0.047, 0.125, 0.172, 0.152, 0.137, 0.054, 0.265, 0.201, 0.202, 0.076, 0.23, 0.24, 0.132, 0.11, 0.361, 0.287, 0.151, 0.081, 0.219, 0.142, 0.051, 0.244, 0.199, 0.07, 0.403], [0.327, 0.346, 0.387, 0.275, 0.257, 0.313, 0.335, 0.385, 0.39, 1.0, 0.309, 0.321, 0.304, 0.24, 0.296, 0.305, 0.407, 0.236, 0.292, 0.303, 0.228, 0.352, 0.264, 0.307, 0.292, 0.332, 0.36, 0.245, 0.357, 0.349, 0.28, 0.435, 0.302, 0.223, 0.298, 0.29, 0.247, 0.289, 0.26, 0.218, 0.305, 0.279, 0.358, 0.344, 0.311, 0.311, 0.365, 0.251, 0.271, 0.229, 0.263, 0.337, 0.232, 0.281, 0.289, 0.289, 0.273, 0.203, 0.303, 0.436, 0.466, 0.305, 0.302, 0.367, 0.39, 0.31, 0.346, 0.255, 0.214, 0.251, 0.266, 0.252, 0.204, 0.33, 0.415, 0.349, 0.293, 0.243, 0.305, 0.233, 0.492, 0.332, 0.365, 0.257, 0.37, 0.262, 0.335, 0.269, 0.344, 0.256, 0.295, 0.271, 0.329, 0.333, 0.285, 0.234, 0.286, 0.33, 0.39, 0.326, 0.266, 0.28, 0.326, 0.296, 0.279, 0.297, 0.285, 0.298, 0.287, 0.238, 0.5, 0.41, 0.332, 0.291, 0.441, 0.28, 0.258, 0.228, 0.299, 0.371, 0.31, 0.313, 0.331, 0.277, 0.249, 0.259, 0.296, 0.362, 0.35, 0.239, 0.36, 0.265, 0.257, 0.289, 0.214, 0.283, 0.237, 0.42, 0.311, 0.26, 0.402, 0.341, 0.25, 0.299, 0.252, 0.232, 0.277, 0.371, 0.337, 0.29, 0.301, 0.35, 0.31, 0.325, 0.351, 0.443, 0.359, 0.278, 0.315, 0.395, 0.31, 0.325, 0.323, 0.327, 0.278, 0.289, 0.458, 0.302, 0.324, 0.206, 0.238, 0.278, 0.431, 0.273, 0.268, 0.307, 0.307, 0.306, 0.246, 0.311, 0.357, 0.317, 0.365, 0.342, 0.303, 0.263, 0.285, 0.311, 0.32, 0.257, 0.258, 0.302, 0.226, 0.364], [0.095, 0.275, 0.113, 0.082, 0.139, 0.033, 0.17, 0.28, 0.119, 0.309, 1.0, 0.028, 0.0, 0.192, 0.055, 0.098, 0.0, 0.201, 0.036, 0.11, 0.168, 0.342, 0.054, 0.23, 0.033, 0.311, 0.199, 0.163, 0.086, 0.359, 0.136, 0.088, 0.027, 0.0, 0.175, 0.226, 0.068, 0.106, 0.176, 0.078, 0.138, 0.119, 0.041, 0.0, 0.189, 0.181, 0.19, 0.0, 0.044, 0.134, 0.288, 0.173, 0.093, 0.0, 0.0, 0.0, 0.181, 0.261, 0.056, 0.0, 0.158, 0.198, 0.111, 0.066, 0.0, 0.075, 0.001, 0.122, 0.142, 0.038, 0.1, 0.373, 0.204, 0.072, 0.414, 0.148, 0.099, 0.238, 0.362, 0.067, 0.171, 0.026, 0.159, 0.114, 0.061, 0.055, 0.088, 0.227, 0.0, 0.0, 0.18, 0.181, 0.081, 0.277, 0.0, 0.015, 0.262, 0.047, 0.102, 0.0, 0.177, 0.274, 0.172, 0.009, 0.308, 0.004, 0.0, 0.0, 0.094, 0.236, 0.185, 0.293, 0.117, 0.245, 0.278, 0.0, 0.0, 0.288, 0.339, 0.0, 0.181, 0.3, 0.238, 0.3, 0.081, 0.364, 0.108, 0.0, 0.177, 0.12, 0.163, 0.204, 0.037, 0.0, 0.097, 0.157, 0.282, 0.075, 0.343, 0.0, 0.162, 0.264, 0.224, 0.017, 0.114, 0.0, 0.276, 0.006, 0.034, 0.038, 0.109, 0.283, 0.0, 0.184, 0.0, 0.231, 0.167, 0.072, 0.106, 0.404, 0.174, 0.0, 0.361, 0.287, 0.091, 0.079, 0.01, 0.334, 0.016, 0.023, 0.256, 0.205, 0.0, 0.177, 0.0, 0.065, 0.181, 0.233, 0.258, 0.0, 0.188, 0.222, 0.0, 0.199, 0.197, 0.009, 0.179, 0.0, 0.0, 0.176, 0.324, 0.111, 0.063, 0.411], [0.125, 0.323, 0.087, 0.073, 0.038, 0.319, 0.107, 0.246, 0.264, 0.321, 0.028, 1.0, 0.046, 0.111, 0.179, 0.031, 0.108, 0.312, 0.0, 0.174, 0.087, 0.33, 0.044, 0.176, 0.111, 0.265, 0.067, 0.171, 0.02, 0.397, 0.185, 0.287, 0.0, 0.0, 0.171, 0.105, 0.078, 0.055, 0.091, 0.087, 0.162, 0.0, 0.08, 0.124, 0.079, 0.243, 0.316, 0.0, 0.054, 0.053, 0.17, 0.197, 0.0, 0.058, 0.019, 0.025, 0.188, 0.144, 0.03, 0.014, 0.249, 0.165, 0.081, 0.11, 0.089, 0.107, 0.059, 0.239, 0.026, 0.013, 0.015, 0.265, 0.127, 0.0, 0.356, 0.189, 0.165, 0.133, 0.263, 0.027, 0.242, 0.07, 0.198, 0.252, 0.122, 0.124, 0.148, 0.239, 0.031, 0.021, 0.102, 0.041, 0.058, 0.218, 0.121, 0.037, 0.209, 0.087, 0.111, 0.084, 0.118, 0.245, 0.15, 0.0, 0.156, 0.048, 0.014, 0.0, 0.0, 0.164, 0.254, 0.346, 0.106, 0.147, 0.371, 0.0, 0.0, 0.188, 0.327, 0.14, 0.101, 0.443, 0.363, 0.204, 0.007, 0.307, 0.083, 0.006, 0.31, 0.132, 0.212, 0.219, 0.024, 0.072, 0.046, 0.125, 0.277, 0.201, 0.283, 0.0, 0.227, 0.226, 0.268, 0.143, 0.298, 0.147, 0.145, 0.055, 0.0, 0.06, 0.0, 0.185, 0.0, 0.188, 0.061, 0.208, 0.175, 0.197, 0.171, 0.417, 0.075, 0.01, 0.402, 0.281, 0.105, 0.037, 0.175, 0.284, 0.0, 0.0, 0.162, 0.152, 0.023, 0.142, 0.006, 0.234, 0.093, 0.098, 0.043, 0.141, 0.221, 0.157, 0.0, 0.331, 0.265, 0.053, 0.061, 0.0, 0.0, 0.0, 0.268, 0.105, 0.009, 0.393], [0.154, 0.247, 0.07, 0.101, 0.093, 0.09, 0.153, 0.26, 0.081, 0.304, 0.0, 0.046, 1.0, 0.127, 0.023, 0.096, 0.004, 0.131, 0.0, 0.033, 0.072, 0.34, 0.0, 0.191, 0.048, 0.249, 0.135, 0.079, 0.014, 0.301, 0.083, 0.114, 0.0, 0.0, 0.171, 0.119, 0.0, 0.125, 0.0, 0.079, 0.105, 0.0, 0.051, 0.0, 0.026, 0.095, 0.18, 0.0, 0.0, 0.0, 0.169, 0.075, 0.0, 0.002, 0.0, 0.0, 0.058, 0.157, 0.018, 0.0, 0.186, 0.026, 0.0, 0.007, 0.0, 0.0, 0.0, 0.0, 0.014, 0.0, 0.045, 0.249, 0.125, 0.0, 0.352, 0.149, 0.027, 0.115, 0.292, 0.051, 0.192, 0.0, 0.118, 0.0, 0.018, 0.0, 0.04, 0.16, 0.0, 0.014, 0.085, 0.055, 0.004, 0.122, 0.0, 0.0, 0.211, 0.023, 0.052, 0.0, 0.09, 0.146, 0.086, 0.0, 0.213, 0.002, 0.0, 0.0, 0.034, 0.122, 0.205, 0.262, 0.179, 0.154, 0.286, 0.0, 0.0, 0.142, 0.253, 0.0, 0.042, 0.312, 0.196, 0.217, 0.0, 0.271, 0.092, 0.0, 0.203, 0.213, 0.116, 0.221, 0.014, 0.0, 0.0, 0.055, 0.212, 0.063, 0.279, 0.0, 0.103, 0.247, 0.101, 0.021, 0.02, 0.0, 0.134, 0.028, 0.014, 0.0, 0.0, 0.217, 0.0, 0.001, 0.0, 0.204, 0.121, 0.0, 0.09, 0.403, 0.147, 0.0, 0.3, 0.219, 0.063, 0.0, 0.0, 0.303, 0.0, 0.0, 0.188, 0.058, 0.0, 0.031, 0.0, 0.102, 0.0, 0.132, 0.022, 0.0, 0.108, 0.171, 0.0, 0.206, 0.158, 0.0, 0.039, 0.0, 0.0, 0.0, 0.207, 0.051, 0.0, 0.355], [0.2, 0.321, 0.09, 0.102, 0.215, 0.06, 0.103, 0.229, 0.128, 0.24, 0.192, 0.111, 0.127, 1.0, 0.205, 0.05, 0.042, 0.09, 0.255, 0.177, 0.195, 0.298, 0.207, 0.149, 0.122, 0.323, 0.275, 0.15, 0.244, 0.318, 0.189, 0.114, 0.21, 0.177, 0.149, 0.226, 0.103, 0.213, 0.162, 0.074, 0.25, 0.141, 0.225, 0.11, 0.297, 0.135, 0.123, 0.11, 0.244, 0.197, 0.163, 0.1, 0.249, 0.133, 0.145, 0.267, 0.124, 0.231, 0.241, 0.174, 0.158, 0.121, 0.26, 0.254, 0.243, 0.198, 0.184, 0.129, 0.243, 0.19, 0.203, 0.236, 0.119, 0.238, 0.349, 0.185, 0.245, 0.195, 0.295, 0.087, 0.393, 0.259, 0.201, 0.144, 0.288, 0.147, 0.098, 0.262, 0.191, 0.11, 0.206, 0.243, 0.213, 0.175, 0.165, 0.171, 0.179, 0.197, 0.133, 0.182, 0.143, 0.222, 0.117, 0.276, 0.219, 0.259, 0.141, 0.196, 0.25, 0.156, 0.403, 0.32, 0.173, 0.183, 0.332, 0.079, 0.143, 0.281, 0.24, 0.147, 0.186, 0.294, 0.228, 0.174, 0.196, 0.299, 0.167, 0.199, 0.168, 0.113, 0.145, 0.155, 0.185, 0.195, 0.179, 0.174, 0.277, 0.139, 0.296, 0.159, 0.106, 0.244, 0.236, 0.116, 0.105, 0.116, 0.323, 0.163, 0.244, 0.165, 0.253, 0.225, 0.218, 0.245, 0.256, 0.198, 0.202, 0.21, 0.14, 0.339, 0.198, 0.198, 0.315, 0.265, 0.162, 0.205, 0.159, 0.303, 0.203, 0.176, 0.224, 0.13, 0.208, 0.264, 0.153, 0.218, 0.228, 0.266, 0.159, 0.214, 0.254, 0.196, 0.129, 0.206, 0.144, 0.236, 0.176, 0.255, 0.164, 0.182, 0.242, 0.164, 0.216, 0.431], [0.074, 0.339, 0.062, 0.092, 0.066, 0.167, 0.106, 0.302, 0.193, 0.296, 0.055, 0.179, 0.023, 0.205, 1.0, 0.002, 0.014, 0.113, 0.097, 0.059, 0.07, 0.302, 0.096, 0.105, 0.005, 0.318, 0.084, 0.173, 0.088, 0.343, 0.183, 0.191, 0.054, 0.0, 0.158, 0.117, 0.089, 0.072, 0.109, 0.101, 0.252, 0.038, 0.083, 0.175, 0.102, 0.226, 0.176, 0.0, 0.13, 0.11, 0.189, 0.172, 0.042, 0.004, 0.06, 0.155, 0.186, 0.157, 0.136, 0.095, 0.186, 0.215, 0.139, 0.233, 0.117, 0.17, 0.079, 0.12, 0.08, 0.005, 0.033, 0.27, 0.113, 0.083, 0.372, 0.238, 0.166, 0.145, 0.253, 0.0, 0.224, 0.143, 0.271, 0.148, 0.104, 0.055, 0.088, 0.293, 0.014, 0.0, 0.109, 0.042, 0.135, 0.203, 0.046, 0.069, 0.165, 0.065, 0.123, 0.0, 0.123, 0.246, 0.167, 0.039, 0.172, 0.174, 0.063, 0.035, 0.121, 0.181, 0.236, 0.35, 0.01, 0.153, 0.389, 0.0, 0.0, 0.199, 0.369, 0.104, 0.11, 0.339, 0.253, 0.16, 0.0, 0.323, 0.027, 0.07, 0.172, 0.178, 0.177, 0.174, 0.016, 0.0, 0.095, 0.082, 0.326, 0.239, 0.27, 0.071, 0.199, 0.248, 0.253, 0.117, 0.132, 0.042, 0.249, 0.034, 0.053, 0.068, 0.094, 0.25, 0.168, 0.215, 0.188, 0.217, 0.218, 0.052, 0.165, 0.393, 0.141, 0.077, 0.345, 0.259, 0.097, 0.009, 0.054, 0.299, 0.0, 0.0, 0.173, 0.084, 0.055, 0.218, 0.0, 0.358, 0.157, 0.158, 0.011, 0.146, 0.215, 0.101, 0.031, 0.282, 0.25, 0.127, 0.071, 0.12, 0.023, 0.018, 0.241, 0.173, 0.07, 0.433], [0.094, 0.245, 0.054, 0.062, 0.07, 0.002, 0.09, 0.255, 0.097, 0.305, 0.098, 0.031, 0.096, 0.05, 0.002, 1.0, 0.007, 0.094, 0.085, 0.04, 0.0, 0.345, 0.016, 0.11, 0.003, 0.185, 0.127, 0.0, 0.095, 0.281, 0.071, 0.122, 0.11, 0.0, 0.138, 0.036, 0.0, 0.032, 0.0, 0.023, 0.036, 0.0, 0.116, 0.03, 0.026, 0.047, 0.107, 0.048, 0.013, 0.0, 0.128, 0.115, 0.0, 0.0, 0.079, 0.0, 0.0, 0.088, 0.001, 0.041, 0.148, 0.0, 0.092, 0.071, 0.114, 0.0, 0.0, 0.0, 0.0, 0.012, 0.08, 0.159, 0.045, 0.109, 0.32, 0.171, 0.035, 0.039, 0.267, 0.002, 0.299, 0.011, 0.074, 0.0, 0.167, 0.0, 0.029, 0.084, 0.147, 0.0, 0.121, 0.051, 0.0, 0.064, 0.0, 0.0, 0.154, 0.041, 0.039, 0.033, 0.015, 0.095, 0.005, 0.04, 0.136, 0.007, 0.0, 0.065, 0.078, 0.094, 0.31, 0.283, 0.066, 0.098, 0.245, 0.0, 0.057, 0.113, 0.211, 0.032, 0.001, 0.306, 0.111, 0.15, 0.0, 0.214, 0.026, 0.137, 0.207, 0.049, 0.062, 0.083, 0.095, 0.032, 0.0, 0.0, 0.201, 0.07, 0.232, 0.035, 0.082, 0.28, 0.131, 0.088, 0.0, 0.004, 0.099, 0.045, 0.096, 0.097, 0.089, 0.179, 0.109, 0.0, 0.005, 0.203, 0.086, 0.003, 0.026, 0.356, 0.098, 0.036, 0.244, 0.14, 0.017, 0.085, 0.14, 0.227, 0.007, 0.056, 0.103, 0.035, 0.085, 0.0, 0.048, 0.01, 0.0, 0.117, 0.0, 0.0, 0.058, 0.148, 0.062, 0.156, 0.11, 0.025, 0.0, 0.0, 0.05, 0.074, 0.166, 0.021, 0.0, 0.319], [0.072, 0.232, 0.085, 0.067, 0.0, 0.075, 0.063, 0.175, 0.332, 0.407, 0.0, 0.108, 0.004, 0.042, 0.014, 0.007, 1.0, 0.035, 0.001, 0.012, 0.016, 0.272, 0.0, 0.178, 0.016, 0.131, 0.085, 0.035, 0.0, 0.318, 0.078, 0.445, 0.0, 0.0, 0.135, 0.051, 0.036, 0.0, 0.0, 0.0, 0.041, 0.0, 0.108, 0.102, 0.078, 0.109, 0.164, 0.0, 0.0, 0.0, 0.055, 0.095, 0.0, 0.035, 0.0, 0.0, 0.04, 0.101, 0.025, 0.178, 0.224, 0.034, 0.031, 0.091, 0.135, 0.0, 0.131, 0.039, 0.0, 0.0, 0.0, 0.09, 0.054, 0.035, 0.278, 0.172, 0.114, 0.055, 0.242, 0.056, 0.316, 0.081, 0.162, 0.069, 0.104, 0.032, 0.095, 0.119, 0.12, 0.008, 0.116, 0.0, 0.023, 0.164, 0.042, 0.0, 0.136, 0.075, 0.05, 0.145, 0.0, 0.009, 0.138, 0.008, 0.049, 0.094, 0.0, 0.0, 0.002, 0.216, 0.327, 0.3, 0.065, 0.097, 0.298, 0.002, 0.0, 0.111, 0.18, 0.169, 0.039, 0.342, 0.204, 0.052, 0.0, 0.184, 0.042, 0.073, 0.249, 0.002, 0.202, 0.132, 0.0, 0.085, 0.0, 0.0, 0.213, 0.226, 0.278, 0.011, 0.135, 0.178, 0.109, 0.076, 0.034, 0.021, 0.0, 0.174, 0.016, 0.024, 0.0, 0.11, 0.02, 0.0, 0.093, 0.249, 0.108, 0.031, 0.134, 0.375, 0.0, 0.027, 0.31, 0.198, 0.021, 0.053, 0.259, 0.268, 0.058, 0.0, 0.027, 0.023, 0.092, 0.0, 0.059, 0.046, 0.0, 0.074, 0.0, 0.034, 0.096, 0.135, 0.082, 0.247, 0.199, 0.046, 0.0, 0.01, 0.098, 0.0, 0.129, 0.0, 0.0, 0.301], [0.118, 0.216, 0.06, 0.081, 0.175, 0.218, 0.108, 0.193, 0.138, 0.236, 0.201, 0.312, 0.131, 0.09, 0.113, 0.094, 0.035, 1.0, 0.166, 0.133, 0.109, 0.323, 0.202, 0.286, 0.12, 0.266, 0.151, 0.112, 0.156, 0.352, 0.163, 0.173, 0.116, 0.07, 0.159, 0.179, 0.158, 0.046, 0.135, 0.107, 0.089, 0.054, 0.076, 0.0, 0.183, 0.191, 0.202, 0.064, 0.216, 0.129, 0.225, 0.152, 0.131, 0.044, 0.156, 0.064, 0.203, 0.175, 0.026, 0.0, 0.138, 0.137, 0.263, 0.044, 0.109, 0.05, 0.008, 0.309, 0.102, 0.052, 0.056, 0.349, 0.178, 0.191, 0.356, 0.14, 0.101, 0.125, 0.279, 0.0, 0.331, 0.1, 0.032, 0.276, 0.275, 0.206, 0.051, 0.202, 0.163, 0.099, 0.138, 0.152, 0.038, 0.205, 0.183, 0.121, 0.262, 0.145, 0.0, 0.118, 0.095, 0.232, 0.077, 0.094, 0.226, 0.084, 0.108, 0.119, 0.153, 0.17, 0.341, 0.272, 0.177, 0.14, 0.249, 0.063, 0.099, 0.199, 0.336, 0.181, 0.104, 0.382, 0.259, 0.363, 0.054, 0.389, 0.091, 0.106, 0.223, 0.098, 0.164, 0.245, 0.178, 0.174, 0.116, 0.095, 0.312, 0.058, 0.252, 0.072, 0.125, 0.18, 0.156, 0.224, 0.358, 0.261, 0.189, 0.116, 0.148, 0.195, 0.151, 0.186, 0.1, 0.103, 0.056, 0.172, 0.092, 0.218, 0.097, 0.401, 0.143, 0.153, 0.367, 0.221, 0.078, 0.251, 0.187, 0.268, 0.086, 0.025, 0.205, 0.244, 0.109, 0.111, 0.193, 0.155, 0.07, 0.181, 0.133, 0.154, 0.149, 0.227, 0.064, 0.198, 0.238, 0.116, 0.108, 0.0, 0.114, 0.216, 0.293, 0.02, 0.2, 0.363], [0.127, 0.346, 0.134, 0.161, 0.173, 0.042, 0.211, 0.33, 0.118, 0.292, 0.036, 0.0, 0.0, 0.255, 0.097, 0.085, 0.001, 0.166, 1.0, 0.193, 0.23, 0.347, 0.0, 0.247, 0.087, 0.375, 0.257, 0.234, 0.063, 0.464, 0.232, 0.188, 0.165, 0.056, 0.255, 0.234, 0.108, 0.19, 0.138, 0.18, 0.204, 0.083, 0.137, 0.027, 0.281, 0.347, 0.171, 0.01, 0.093, 0.182, 0.348, 0.157, 0.188, 0.0, 0.0, 0.0, 0.167, 0.303, 0.033, 0.0, 0.196, 0.266, 0.312, 0.116, 0.0, 0.192, 0.067, 0.1, 0.246, 0.118, 0.163, 0.352, 0.21, 0.055, 0.437, 0.202, 0.231, 0.279, 0.327, 0.078, 0.148, 0.097, 0.203, 0.077, 0.071, 0.0, 0.032, 0.353, 0.075, 0.0, 0.234, 0.196, 0.057, 0.279, 0.0, 0.175, 0.213, 0.048, 0.122, 0.0, 0.245, 0.378, 0.156, 0.057, 0.332, 0.097, 0.0, 0.0, 0.158, 0.226, 0.163, 0.332, 0.171, 0.224, 0.332, 0.0, 0.0, 0.275, 0.307, 0.0, 0.164, 0.293, 0.254, 0.233, 0.12, 0.456, 0.086, 0.021, 0.172, 0.112, 0.216, 0.214, 0.192, 0.026, 0.182, 0.183, 0.36, 0.143, 0.361, 0.0, 0.18, 0.26, 0.212, 0.0, 0.114, 0.0, 0.305, 0.026, 0.082, 0.0, 0.255, 0.33, 0.086, 0.269, 0.054, 0.257, 0.195, 0.067, 0.132, 0.384, 0.275, 0.094, 0.351, 0.344, 0.171, 0.035, 0.0, 0.365, 0.12, 0.028, 0.326, 0.168, 0.052, 0.258, 0.046, 0.171, 0.285, 0.322, 0.153, 0.0, 0.233, 0.25, 0.0, 0.211, 0.235, 0.116, 0.193, 0.0, 0.0, 0.097, 0.37, 0.117, 0.085, 0.477], [0.104, 0.335, 0.179, 0.078, 0.098, 0.121, 0.115, 0.244, 0.109, 0.303, 0.11, 0.174, 0.033, 0.177, 0.059, 0.04, 0.012, 0.133, 0.193, 1.0, 0.048, 0.365, 0.17, 0.189, 0.006, 0.18, 0.177, 0.202, 0.149, 0.46, 0.195, 0.186, 0.101, 0.115, 0.134, 0.115, 0.034, 0.09, 0.214, 0.044, 0.127, 0.0, 0.093, 0.096, 0.201, 0.276, 0.28, 0.039, 0.065, 0.051, 0.164, 0.215, 0.141, 0.084, 0.104, 0.106, 0.148, 0.234, 0.076, 0.133, 0.2, 0.167, 0.187, 0.114, 0.151, 0.097, 0.0, 0.131, 0.083, 0.142, 0.132, 0.252, 0.168, 0.144, 0.375, 0.202, 0.25, 0.124, 0.251, 0.049, 0.29, 0.078, 0.142, 0.142, 0.192, 0.12, 0.16, 0.279, 0.111, 0.048, 0.221, 0.151, 0.0, 0.295, 0.134, 0.037, 0.191, 0.146, 0.072, 0.043, 0.243, 0.259, 0.149, 0.005, 0.26, 0.038, 0.048, 0.088, 0.03, 0.145, 0.301, 0.381, 0.175, 0.155, 0.392, 0.044, 0.045, 0.225, 0.373, 0.141, 0.178, 0.351, 0.322, 0.22, 0.163, 0.304, 0.108, 0.142, 0.264, 0.12, 0.22, 0.138, 0.021, 0.204, 0.04, 0.108, 0.225, 0.147, 0.26, 0.131, 0.227, 0.172, 0.243, 0.055, 0.113, 0.055, 0.152, 0.061, 0.1, 0.119, 0.204, 0.156, 0.042, 0.223, 0.079, 0.224, 0.283, 0.251, 0.14, 0.402, 0.085, 0.159, 0.294, 0.298, 0.154, 0.13, 0.207, 0.335, 0.152, 0.047, 0.193, 0.071, 0.221, 0.206, 0.204, 0.115, 0.104, 0.15, 0.066, 0.147, 0.197, 0.165, 0.076, 0.256, 0.152, 0.108, 0.038, 0.104, 0.064, 0.101, 0.228, 0.167, 0.12, 0.444], [0.154, 0.275, 0.107, 0.118, 0.203, 0.027, 0.258, 0.18, 0.102, 0.228, 0.168, 0.087, 0.072, 0.195, 0.07, 0.0, 0.016, 0.109, 0.23, 0.048, 1.0, 0.274, 0.194, 0.272, 0.077, 0.241, 0.198, 0.084, 0.204, 0.27, 0.114, 0.091, 0.207, 0.135, 0.227, 0.245, 0.131, 0.157, 0.044, 0.129, 0.138, 0.167, 0.228, 0.042, 0.209, 0.157, 0.118, 0.085, 0.157, 0.215, 0.25, 0.068, 0.297, 0.098, 0.091, 0.136, 0.109, 0.207, 0.182, 0.089, 0.153, 0.254, 0.275, 0.158, 0.155, 0.158, 0.122, 0.129, 0.227, 0.151, 0.149, 0.276, 0.213, 0.275, 0.281, 0.147, 0.071, 0.264, 0.307, 0.012, 0.373, 0.238, 0.2, 0.109, 0.169, 0.106, 0.046, 0.248, 0.134, 0.078, 0.209, 0.151, 0.12, 0.19, 0.087, 0.128, 0.212, 0.137, 0.123, 0.118, 0.089, 0.236, 0.106, 0.234, 0.166, 0.176, 0.168, 0.092, 0.176, 0.287, 0.383, 0.308, 0.144, 0.27, 0.245, 0.077, 0.041, 0.195, 0.298, 0.212, 0.072, 0.269, 0.197, 0.178, 0.126, 0.308, 0.101, 0.155, 0.179, 0.053, 0.075, 0.196, 0.166, 0.2, 0.269, 0.253, 0.328, 0.04, 0.304, 0.103, 0.101, 0.179, 0.172, 0.061, 0.094, 0.097, 0.28, 0.151, 0.22, 0.158, 0.186, 0.16, 0.202, 0.19, 0.19, 0.148, 0.094, 0.089, 0.045, 0.389, 0.178, 0.195, 0.295, 0.328, 0.125, 0.159, 0.1, 0.28, 0.087, 0.06, 0.167, 0.099, 0.154, 0.108, 0.161, 0.113, 0.212, 0.307, 0.143, 0.087, 0.163, 0.231, 0.092, 0.187, 0.207, 0.2, 0.159, 0.117, 0.134, 0.156, 0.238, 0.11, 0.267, 0.404], [0.362, 0.371, 0.304, 0.244, 0.292, 0.278, 0.29, 0.353, 0.293, 0.352, 0.342, 0.33, 0.34, 0.298, 0.302, 0.345, 0.272, 0.323, 0.347, 0.365, 0.274, 1.0, 0.301, 0.233, 0.279, 0.407, 0.378, 0.28, 0.341, 0.375, 0.274, 0.312, 0.309, 0.273, 0.257, 0.346, 0.218, 0.292, 0.287, 0.273, 0.359, 0.239, 0.395, 0.318, 0.364, 0.295, 0.326, 0.259, 0.332, 0.296, 0.295, 0.3, 0.311, 0.25, 0.326, 0.289, 0.255, 0.354, 0.304, 0.289, 0.407, 0.283, 0.317, 0.308, 0.49, 0.235, 0.283, 0.26, 0.273, 0.305, 0.302, 0.291, 0.224, 0.319, 0.483, 0.297, 0.291, 0.216, 0.289, 0.283, 0.506, 0.293, 0.294, 0.28, 0.434, 0.272, 0.304, 0.321, 0.364, 0.293, 0.3, 0.341, 0.287, 0.268, 0.292, 0.264, 0.293, 0.365, 0.323, 0.324, 0.265, 0.3, 0.295, 0.304, 0.338, 0.372, 0.289, 0.284, 0.337, 0.209, 0.515, 0.367, 0.337, 0.273, 0.458, 0.235, 0.328, 0.285, 0.268, 0.327, 0.317, 0.389, 0.319, 0.355, 0.294, 0.324, 0.318, 0.417, 0.293, 0.274, 0.346, 0.301, 0.326, 0.277, 0.237, 0.276, 0.262, 0.308, 0.284, 0.343, 0.346, 0.352, 0.239, 0.333, 0.276, 0.301, 0.396, 0.356, 0.342, 0.365, 0.354, 0.334, 0.348, 0.304, 0.307, 0.335, 0.387, 0.314, 0.288, 0.417, 0.369, 0.299, 0.326, 0.282, 0.284, 0.36, 0.375, 0.36, 0.328, 0.292, 0.296, 0.288, 0.355, 0.285, 0.374, 0.308, 0.301, 0.373, 0.312, 0.279, 0.317, 0.352, 0.347, 0.277, 0.249, 0.345, 0.274, 0.25, 0.328, 0.306, 0.271, 0.306, 0.295, 0.393], [0.099, 0.286, 0.157, 0.118, 0.137, 0.071, 0.17, 0.228, 0.171, 0.264, 0.054, 0.044, 0.0, 0.207, 0.096, 0.016, 0.0, 0.202, 0.0, 0.17, 0.194, 0.301, 1.0, 0.208, 0.075, 0.273, 0.151, 0.217, 0.023, 0.384, 0.23, 0.119, 0.011, 0.0, 0.153, 0.203, 0.078, 0.128, 0.184, 0.075, 0.177, 0.057, 0.03, 0.0, 0.17, 0.265, 0.168, 0.0, 0.06, 0.135, 0.254, 0.146, 0.083, 0.0, 0.0, 0.0, 0.224, 0.238, 0.099, 0.0, 0.182, 0.259, 0.163, 0.06, 0.0, 0.111, 0.0, 0.177, 0.129, 0.069, 0.091, 0.484, 0.217, 0.014, 0.35, 0.148, 0.138, 0.234, 0.342, 0.06, 0.176, 0.028, 0.134, 0.187, 0.0, 0.009, 0.049, 0.319, 0.005, 0.0, 0.194, 0.152, 0.048, 0.276, 0.013, 0.062, 0.295, 0.051, 0.099, 0.0, 0.226, 0.316, 0.147, 0.0, 0.273, 0.031, 0.079, 0.0, 0.055, 0.202, 0.189, 0.29, 0.076, 0.24, 0.289, 0.0, 0.0, 0.277, 0.454, 0.0, 0.204, 0.305, 0.239, 0.28, 0.094, 0.373, 0.113, 0.0, 0.176, 0.112, 0.198, 0.235, 0.029, 0.0, 0.14, 0.192, 0.313, 0.044, 0.315, 0.0, 0.127, 0.204, 0.207, 0.0, 0.148, 0.0, 0.273, 0.011, 0.0, 0.0, 0.032, 0.219, 0.0, 0.181, 0.0, 0.157, 0.189, 0.123, 0.111, 0.507, 0.135, 0.077, 0.315, 0.328, 0.15, 0.142, 0.0, 0.346, 0.0, 0.0, 0.267, 0.143, 0.0, 0.213, 0.0, 0.156, 0.238, 0.215, 0.144, 0.0, 0.243, 0.236, 0.0, 0.212, 0.227, 0.0, 0.147, 0.0, 0.0, 0.122, 0.288, 0.089, 0.146, 0.437], [0.213, 0.235, 0.192, 0.128, 0.243, 0.113, 0.376, 0.224, 0.21, 0.307, 0.23, 0.176, 0.191, 0.149, 0.105, 0.11, 0.178, 0.286, 0.247, 0.189, 0.272, 0.233, 0.208, 1.0, 0.157, 0.249, 0.264, 0.173, 0.23, 0.296, 0.206, 0.182, 0.233, 0.147, 0.274, 0.233, 0.253, 0.254, 0.166, 0.171, 0.127, 0.173, 0.235, 0.086, 0.222, 0.194, 0.191, 0.159, 0.19, 0.269, 0.249, 0.18, 0.204, 0.177, 0.238, 0.128, 0.155, 0.139, 0.196, 0.163, 0.268, 0.261, 0.282, 0.15, 0.302, 0.16, 0.136, 0.168, 0.183, 0.165, 0.179, 0.243, 0.116, 0.317, 0.236, 0.165, 0.21, 0.21, 0.249, 0.172, 0.422, 0.212, 0.142, 0.136, 0.255, 0.126, 0.125, 0.238, 0.207, 0.16, 0.199, 0.186, 0.122, 0.178, 0.165, 0.139, 0.204, 0.207, 0.133, 0.222, 0.123, 0.246, 0.137, 0.243, 0.199, 0.167, 0.2, 0.177, 0.198, 0.301, 0.431, 0.258, 0.254, 0.211, 0.217, 0.179, 0.191, 0.161, 0.253, 0.29, 0.141, 0.279, 0.182, 0.25, 0.18, 0.312, 0.175, 0.149, 0.142, 0.137, 0.246, 0.31, 0.303, 0.185, 0.259, 0.223, 0.288, 0.122, 0.207, 0.138, 0.129, 0.164, 0.126, 0.181, 0.184, 0.179, 0.217, 0.239, 0.248, 0.188, 0.233, 0.158, 0.226, 0.177, 0.213, 0.173, 0.136, 0.165, 0.197, 0.397, 0.262, 0.26, 0.252, 0.229, 0.164, 0.31, 0.265, 0.252, 0.149, 0.078, 0.229, 0.195, 0.222, 0.136, 0.187, 0.146, 0.239, 0.304, 0.173, 0.16, 0.249, 0.22, 0.185, 0.122, 0.247, 0.198, 0.144, 0.164, 0.209, 0.23, 0.236, 0.139, 0.244, 0.355], [0.08, 0.321, 0.043, 0.135, 0.0, 0.084, 0.078, 0.193, 0.076, 0.292, 0.033, 0.111, 0.048, 0.122, 0.005, 0.003, 0.016, 0.12, 0.087, 0.006, 0.077, 0.279, 0.075, 0.157, 1.0, 0.273, 0.088, 0.07, 0.064, 0.325, 0.077, 0.141, 0.0, 0.0, 0.106, 0.147, 0.0, 0.054, 0.0, 0.111, 0.104, 0.039, 0.106, 0.003, 0.097, 0.101, 0.151, 0.0, 0.048, 0.031, 0.124, 0.081, 0.085, 0.0, 0.063, 0.052, 0.164, 0.207, 0.0, 0.008, 0.118, 0.005, 0.13, 0.061, 0.099, 0.0, 0.051, 0.0, 0.066, 0.024, 0.049, 0.205, 0.091, 0.066, 0.327, 0.176, 0.134, 0.108, 0.273, 0.0, 0.336, 0.131, 0.09, 0.0, 0.096, 0.018, 0.092, 0.139, 0.09, 0.092, 0.151, 0.06, 0.008, 0.134, 0.0, 0.0, 0.211, 0.186, 0.055, 0.063, 0.086, 0.156, 0.107, 0.015, 0.115, 0.12, 0.058, 0.008, 0.072, 0.144, 0.347, 0.292, 0.131, 0.135, 0.273, 0.0, 0.02, 0.214, 0.258, 0.136, 0.089, 0.325, 0.186, 0.168, 0.034, 0.218, 0.109, 0.006, 0.183, 0.212, 0.109, 0.211, 0.119, 0.0, 0.03, 0.069, 0.235, 0.066, 0.253, 0.042, 0.131, 0.188, 0.129, 0.074, 0.0, 0.033, 0.166, 0.151, 0.038, 0.219, 0.029, 0.146, 0.0, 0.0, 0.06, 0.27, 0.159, 0.017, 0.096, 0.414, 0.048, 0.055, 0.319, 0.248, 0.069, 0.028, 0.105, 0.289, 0.0, 0.0, 0.157, 0.0, 0.032, 0.021, 0.093, 0.092, 0.133, 0.149, 0.014, 0.026, 0.137, 0.166, 0.084, 0.173, 0.182, 0.025, 0.077, 0.0, 0.11, 0.025, 0.2, 0.091, 0.015, 0.311], [0.227, 0.449, 0.141, 0.199, 0.322, 0.162, 0.271, 0.409, 0.184, 0.332, 0.311, 0.265, 0.249, 0.323, 0.318, 0.185, 0.131, 0.266, 0.375, 0.18, 0.241, 0.407, 0.273, 0.249, 0.273, 1.0, 0.346, 0.214, 0.33, 0.407, 0.212, 0.169, 0.3, 0.204, 0.284, 0.246, 0.161, 0.197, 0.235, 0.211, 0.346, 0.224, 0.268, 0.175, 0.303, 0.305, 0.228, 0.252, 0.259, 0.238, 0.362, 0.164, 0.317, 0.149, 0.261, 0.367, 0.207, 0.272, 0.29, 0.267, 0.259, 0.267, 0.419, 0.367, 0.327, 0.201, 0.333, 0.184, 0.239, 0.307, 0.25, 0.365, 0.238, 0.339, 0.54, 0.299, 0.18, 0.27, 0.379, 0.107, 0.428, 0.404, 0.292, 0.187, 0.337, 0.195, 0.156, 0.35, 0.233, 0.205, 0.211, 0.335, 0.292, 0.27, 0.209, 0.22, 0.243, 0.268, 0.252, 0.279, 0.223, 0.379, 0.241, 0.24, 0.304, 0.347, 0.18, 0.278, 0.405, 0.243, 0.439, 0.412, 0.24, 0.237, 0.442, 0.131, 0.171, 0.306, 0.336, 0.22, 0.192, 0.395, 0.308, 0.341, 0.211, 0.392, 0.178, 0.295, 0.239, 0.194, 0.182, 0.218, 0.414, 0.226, 0.191, 0.249, 0.329, 0.214, 0.366, 0.272, 0.259, 0.327, 0.22, 0.27, 0.161, 0.153, 0.404, 0.265, 0.324, 0.328, 0.427, 0.417, 0.341, 0.239, 0.335, 0.348, 0.298, 0.251, 0.174, 0.457, 0.344, 0.237, 0.394, 0.339, 0.183, 0.261, 0.245, 0.39, 0.164, 0.19, 0.334, 0.251, 0.25, 0.303, 0.184, 0.32, 0.296, 0.425, 0.24, 0.183, 0.246, 0.276, 0.217, 0.27, 0.281, 0.304, 0.232, 0.245, 0.221, 0.283, 0.378, 0.194, 0.233, 0.495], [0.212, 0.313, 0.123, 0.2, 0.119, 0.051, 0.228, 0.33, 0.173, 0.36, 0.199, 0.067, 0.135, 0.275, 0.084, 0.127, 0.085, 0.151, 0.257, 0.177, 0.198, 0.378, 0.151, 0.264, 0.088, 0.346, 1.0, 0.237, 0.25, 0.42, 0.211, 0.159, 0.232, 0.118, 0.24, 0.237, 0.058, 0.185, 0.099, 0.109, 0.177, 0.107, 0.101, 0.028, 0.194, 0.279, 0.216, 0.162, 0.069, 0.089, 0.298, 0.158, 0.11, 0.03, 0.197, 0.071, 0.145, 0.319, 0.089, 0.015, 0.241, 0.164, 0.273, 0.108, 0.126, 0.112, 0.061, 0.07, 0.13, 0.243, 0.167, 0.349, 0.193, 0.18, 0.402, 0.183, 0.195, 0.252, 0.359, 0.12, 0.357, 0.131, 0.225, 0.072, 0.228, 0.019, 0.05, 0.302, 0.166, 0.02, 0.223, 0.188, 0.068, 0.23, 0.128, 0.082, 0.243, 0.078, 0.156, 0.141, 0.246, 0.379, 0.152, 0.122, 0.396, 0.088, 0.057, 0.176, 0.175, 0.234, 0.369, 0.335, 0.181, 0.258, 0.279, 0.049, 0.068, 0.273, 0.303, 0.124, 0.153, 0.319, 0.252, 0.29, 0.229, 0.365, 0.141, 0.091, 0.239, 0.142, 0.24, 0.223, 0.111, 0.12, 0.1, 0.186, 0.304, 0.107, 0.339, 0.126, 0.167, 0.321, 0.237, 0.122, 0.063, 0.028, 0.282, 0.099, 0.237, 0.146, 0.271, 0.326, 0.192, 0.183, 0.112, 0.278, 0.194, 0.106, 0.168, 0.425, 0.218, 0.167, 0.398, 0.312, 0.197, 0.154, 0.147, 0.363, 0.127, 0.1, 0.31, 0.223, 0.255, 0.161, 0.068, 0.141, 0.195, 0.207, 0.151, 0.104, 0.229, 0.233, 0.052, 0.268, 0.229, 0.137, 0.16, 0.053, 0.084, 0.146, 0.352, 0.235, 0.027, 0.435], [0.18, 0.267, 0.093, 0.089, 0.066, 0.121, 0.138, 0.141, 0.175, 0.245, 0.163, 0.171, 0.079, 0.15, 0.173, 0.0, 0.035, 0.112, 0.234, 0.202, 0.084, 0.28, 0.217, 0.173, 0.07, 0.214, 0.237, 1.0, 0.167, 0.427, 0.246, 0.193, 0.166, 0.227, 0.141, 0.13, 0.032, 0.128, 0.195, 0.021, 0.131, 0.006, 0.103, 0.052, 0.282, 0.293, 0.115, 0.123, 0.093, 0.17, 0.14, 0.133, 0.152, 0.147, 0.133, 0.122, 0.136, 0.227, 0.153, 0.084, 0.226, 0.245, 0.239, 0.168, 0.121, 0.158, 0.06, 0.18, 0.058, 0.165, 0.179, 0.231, 0.209, 0.121, 0.257, 0.117, 0.213, 0.133, 0.237, 0.0, 0.339, 0.161, 0.171, 0.185, 0.206, 0.151, 0.156, 0.316, 0.155, 0.054, 0.098, 0.167, 0.114, 0.231, 0.184, 0.135, 0.131, 0.176, 0.086, 0.093, 0.223, 0.215, 0.162, 0.124, 0.224, 0.107, 0.1, 0.109, 0.18, 0.203, 0.35, 0.293, 0.151, 0.151, 0.253, 0.085, 0.068, 0.218, 0.265, 0.224, 0.116, 0.288, 0.259, 0.156, 0.112, 0.322, 0.106, 0.086, 0.173, 0.02, 0.231, 0.161, 0.087, 0.196, 0.138, 0.096, 0.285, 0.069, 0.224, 0.114, 0.12, 0.17, 0.322, 0.068, 0.147, 0.032, 0.176, 0.141, 0.19, 0.163, 0.173, 0.113, 0.135, 0.199, 0.205, 0.109, 0.117, 0.149, 0.123, 0.397, 0.165, 0.151, 0.272, 0.324, 0.128, 0.169, 0.116, 0.297, 0.147, 0.092, 0.203, 0.122, 0.233, 0.272, 0.102, 0.2, 0.195, 0.228, 0.118, 0.135, 0.228, 0.138, 0.061, 0.237, 0.191, 0.198, 0.082, 0.187, 0.1, 0.106, 0.202, 0.214, 0.069, 0.479], [0.176, 0.284, 0.18, 0.16, 0.316, 0.119, 0.188, 0.312, 0.127, 0.357, 0.086, 0.02, 0.014, 0.244, 0.088, 0.095, 0.0, 0.156, 0.063, 0.149, 0.204, 0.341, 0.023, 0.23, 0.064, 0.33, 0.25, 0.167, 1.0, 0.416, 0.21, 0.115, 0.133, 0.0, 0.241, 0.206, 0.113, 0.245, 0.149, 0.162, 0.178, 0.058, 0.129, 0.061, 0.223, 0.329, 0.223, 0.0, 0.0, 0.169, 0.327, 0.133, 0.165, 0.069, 0.0, 0.0, 0.138, 0.246, 0.093, 0.0, 0.253, 0.197, 0.25, 0.098, 0.0, 0.215, 0.013, 0.059, 0.248, 0.149, 0.21, 0.388, 0.277, 0.127, 0.396, 0.187, 0.136, 0.294, 0.355, 0.065, 0.12, 0.064, 0.16, 0.12, 0.059, 0.0, 0.023, 0.323, 0.0, 0.044, 0.188, 0.232, 0.036, 0.22, 0.077, 0.081, 0.25, 0.04, 0.236, 0.0, 0.179, 0.404, 0.128, 0.046, 0.293, 0.008, 0.0, 0